-47.268
17.414
-24.667
-38.020
28.120
7.277
-33.146
-2.051
-17.824
-46.418
-5.926
-2.737
-9.200
-31.976
-30.199
-3.497
8.686
14.906
-16.553
-26.634
-3.402
-3.045
-11.829
-38.019
-0.390
4.576
4.256
18.753
-15.720
-22.789
-13.007
-19.942
-6.589
1.942
-0.701
-16.852
-4.908
0.733
-46.637
-27.594
24.337
6.110
-35.038
-19.475
-26.780
-4.962
-19.616
-38.437
8.958
12.462
-17.816
-28.651
8.790
11.235
-14.358
5.806
2.078
16.298
-13.076
-39.159
7.199
-49.619
-35.057
-20.577
-17.477
2.962
-18.105
-2.151
-25.445
-10.393
-15.770
-26.757
1.790
-1.103
-32.331
-12.747
21.645
-33.590
-10.022
13.994
-23.071
-22.162
-0.201
-13.738
1.620
-26.822
-41.435
28.692
16.745
-34.601
4.509
-6.580
-38.958
8.126
-9.044
6.341
-0.838
-8.977
-25.920
-28.750
8.496
-23.782
6.436
7.918
-18.644
1.888
-51.467
-26.662
34.106
-11.742
-35.764
-31.506
5.059
11.670
-10.286
-36.584
-4.705
-8.504
9.216
-23.349
-49.880
17.215
-2.996
-27.786
0.643
2.604
-27.014
-19.595
-7.092
17.082
-3.176
-40.939
-0.355
17.192
-25.356
-41.066
16.879
-24.264
-37.035
14.477
15.211
-40.882
-25.133
28.806
-41.949
-12.048
10.325
11.811
1.131
-15.050
2.992
2.772
-8.235
-8.734
-18.116
-4.329
15.876
-17.246
-24.454
12.817
-15.899
-35.742
-25.265
8.264
24.768
-9.362
-37.451
1.305
0.617
-16.285
2.434
-5.907
-26.797
-14.149
-32.844
25.000
2.334
-21.265
-10.504
-28.938
4.423
-9.087
-1.604
-14.683
-18.980
16.647
-15.915
-13.716
-15.031
-41.811
-10.853
1.954
-5.870
-6.338
-10.320
-24.079
-1.478
-31.268
-35.891
20.785
-22.318
-21.858
10.927
-9.212
-11.904
-10.898
0.755
11.180
13.465
9.232
-19.548
-20.067
-11.124
8.514
-17.567
-33.876
9.799
-10.216
-15.480
5.328
-22.845
-20.588
6.288
-3.413
-30.469
-5.092
-7.385
-4.450
-4.213
-9.504
-29.270
-19.379
-16.808
-26.285
4.566
5.115
-2.942
11.216
-30.349
4.434
-9.730
-12.031
-30.869
-20.376
9.539
-21.261
8.203
-22.674
-11.546
11.730
-19.363
13.323
11.480
-20.740
-22.261
-17.501
2.035
12.847
-27.247
-28.392
-19.761
-4.458
-11.015
-11.303
-23.300
-3.189
3.819
0.830
-25.476
4.443
12.385
-4.719
0.559
-21.934
-1.155
-13.259
-0.952
-12.326
-9.929
33.701
-4.536
-23.340
-6.379
12.906
4.628
0.068
-12.240
-34.578
12.995
0.993
-10.885
-4.853
-20.356
7.173
-2.752
-30.800
-7.222
28.226
10.442
-18.814
-19.147
17.488
-43.069
-28.921
14.065
-31.962
-12.252
11.385
-6.649
-14.607
-3.161
-37.092
-12.696
14.867
-18.549
-32.743
30.193
-16.515
3.999
17.868
-24.119
-6.990
-28.641
-7.805
15.824
-13.842
-21.128
-24.579
7.833
-10.374
-20.523
2.337
-19.127
3.613
-14.300
-23.091
-9.454
-5.876
-2.667
-17.292
3.226
15.783
-36.063
-37.366
-18.449
30.682
17.374
-33.038
19.373
-2.806
-14.685
-8.710
-26.551
-20.335
-13.269
10.572
-32.148
-15.709
3.029
-20.314
-17.649
-24.688
0.219
-5.469
-1.288
6.975
-25.708
8.590
-14.594
-47.065
8.435
-0.521
-21.413
10.965
-11.767
-29.196
-11.826
24.035
-14.078
-27.138
28.892
-11.384
-32.830
8.174
-12.771
-24.968
-17.395
-32.610
-0.592
-11.358
-8.007
-43.314
-23.684
33.964
9.997
-51.137
-29.724
12.704
23.980
1.495
-23.678
-14.315
-26.325
-50.963
-1.626
25.214
-40.929
-23.574
-12.110
-47.093
-22.525
-16.652
5.623
-23.694
-2.572
-13.447
-25.834
-21.835
-2.429
26.422
-28.570
-32.243
1.520
15.276
0.205
-51.001
-30.816
30.764
-23.048
-0.349
-16.972
-14.328
17.956
-14.912
2.712
-15.030
1.492
-2.915
-17.143
0.334
-32.815
6.740
5.501
-5.233
-30.890
-28.491
-0.113
-30.142
-12.020
-2.108
-28.480
-22.199
-4.826
-22.074
-1.146
9.919
-42.546
5.085
28.267
-31.200
4.577
22.871
-11.811
-38.954
-11.954
-0.120
2.795
0.871
-38.281
-35.799
3.963
4.593
9.104
1.456
-46.667
-31.876
-0.314
-27.379
-6.878
0.899
12.972
-19.467
-39.166
-12.220
10.853
1.609
17.457
-31.287
-27.327
4.382
-28.681
-13.649
-18.676
-28.013
10.353
-22.784
-0.241
-1.455
-26.218
-29.823
-17.175
13.082
-0.368
4.184
-20.645
-14.406
15.206
-9.098
-51.308
-8.494
21.617
-18.909
14.862
-9.281
-64.442
-21.772
29.566
-22.754
-33.738
-7.526
-9.863
8.975
-18.590
0.475
9.466
-18.126
13.708
-35.753
-22.774
19.978
-35.941
-9.149
16.136
-21.826
-6.064
-21.467
-15.111
13.009
-17.849
-44.853
30.221
4.371
-32.813
4.686
-11.391
-17.776
15.162
-26.422
-21.794
0.898
-17.104
13.705
32.477
-44.275
-53.646
-30.344
-2.830
-19.248
-13.388
-10.047
-36.543
29.096
17.346
-51.252
-6.106
0.096
-44.178
-19.127
5.650
-5.787
-17.998
-19.927
-19.322
4.406
2.168
6.652
-2.655
1.695
-2.602
-23.515
-10.374
-9.848
20.519
-49.741
6.357
20.947
-61.991
-12.951
30.189
-1.046
-30.557
-9.966
-1.598
3.831
3.568
-42.372
-2.355
35.894
-30.880
-52.582
-7.115
-10.540
-38.408
-0.426
18.392
-14.033
-31.120
6.777
7.301
-30.136
10.598
-2.169
-37.556
-36.202
-9.258
4.916
-2.918
5.251
-32.399
-20.704
-11.675
-8.825
-29.467
-18.412
-5.723
-22.897
-12.236
-21.539
-28.660
5.223
-8.732
-6.391
-10.252
-6.716
9.733
2.169
-18.107
-13.523
16.221
-19.397
-19.949
-9.757
-26.428
-1.132
0.760
-10.113
-8.148
-14.430
9.588
15.566
-35.970
-3.013
5.355
-16.385
-31.547
10.551
15.371
-21.897
-29.252
5.990
-17.878
-14.648
13.090
-22.245
0.163
-22.972
15.764
0.284
-25.609
7.164
-18.144
5.752
-7.678
-16.496
-4.672
-28.695
-20.770
6.752
-23.359
0.308
25.707
3.748
-50.306
-58.013
27.754
0.228
-32.327
-15.391
-23.634
24.359
25.737
-17.365
-22.093
14.053
-9.763
-22.916
12.402
-9.349
-41.639
-8.586
26.738
-12.966
-20.936
25.866
17.185
11.026
-2.739
-19.225
4.599
-14.417
-1.092
-22.307
1.433
3.131
-29.391
3.637
-11.262
-46.992
-31.456
-9.107
27.949
-36.421
-39.347
14.314
-54.509
-29.858
24.101
-20.877
-54.352
-35.405
20.478
3.587
-20.335
16.842
-31.436
-17.454
-0.770
-43.525
-19.459
18.405
-17.851
5.713
-7.760
-45.415
0.133
-3.432
-6.327
-24.018
-6.870
-1.678
-28.383
-36.437
18.577
-13.503
-61.137
11.686
-22.129
-29.116
24.351
-16.798
-12.765
-15.271
-0.450
3.763
-18.978
20.836
-7.904
-33.996
-17.507
13.840
3.873
-27.120
4.984
-25.521
-6.071
22.862
-33.133
-2.633
11.485
3.977
-27.861
-14.241
17.123
-28.300
-43.553
0.081
-2.985
0.284
-16.762
-22.075
25.681
-22.437
-47.107
12.921
-6.433
-14.827
3.707
-37.226
-7.142
27.339
-37.328
-24.153
-7.976
-18.516
-8.492
11.065
-33.365
-1.927
-7.030
-11.718
4.070
-19.457
-29.623
-36.146
7.818
17.400
5.498
-31.228
-18.039
-27.599
-9.126
8.488
-41.143
3.847
-5.422
-18.955
5.403
-27.696
-15.084
-10.900
-11.898
-17.669
-17.909
-18.837
22.960
8.372
-4.873
36.979
-13.424
-7.515
-22.637
-5.051
11.471
-13.957
-5.193
-5.693
-46.320
-3.000
42.570
-21.589
-30.329
-7.148
-3.361
11.180
-13.062
-35.106
-9.915
-18.268
2.557
9.682
-17.738
4.131
25.356
-18.479
-48.149
7.240
6.385
-32.458
-30.894
-17.110
-24.337
19.905
-0.544
-31.041
-7.077
-22.673
-24.483
-3.162
15.161
-20.112
-39.154
-8.003
-21.006
-54.449
-7.129
-0.035
-11.578
-27.781
-20.717
9.379
3.459
-3.074
-10.590
1.501
3.762
-58.956
-1.395
5.397
-37.186
4.599
4.047
-34.119
-2.345
10.287
-16.873
9.401
30.470
-17.666
-29.439
19.044
-36.318
-18.677
34.505
-13.789
10.624
9.424
-25.686
-21.525
-5.608
3.742
-35.967
-24.979
19.600
-24.294
2.903
21.184
-20.630
-1.052
-3.123
-5.443
3.725
-37.393
-0.366
-27.951
-30.660
8.195
-15.852
10.060
3.286
-20.680
2.351
5.007
3.936
6.927
-18.180
-30.312
-39.664
7.182
11.998
-48.020
-19.535
-10.392
-1.308
-1.473
-3.471
-5.505
-3.764
-40.100
-20.159
28.316
-3.476
-14.139
-19.621
17.138
12.535
-42.795
-12.455
20.287
-40.332
3.786
-15.415
-30.989
16.013
-4.253
-30.488
-7.033
-32.310
-3.968
5.698
-35.176
24.986
-17.474
-18.499
6.166
-42.769
-20.194
14.371
-14.705
-22.642
8.560
13.240
-28.750
-8.221
-13.415
-40.605
3.350
1.622
-49.815
4.691
-15.754
-42.380
-13.701
-8.952
3.103
-3.605
-22.480
-19.003
12.655
-5.867
8.080
-19.520
-46.689
1.232
12.809
-9.330
-10.304
4.651
-10.337
-38.338
-6.785
6.330
-18.000
-37.404
-33.582
1.837
-4.956
-1.111
0.494
-2.949
-18.179
-21.741
-19.619
2.145
-17.846
-35.843
8.862
8.579
-27.272
19.818
6.495
-35.204
-23.193
-22.166
-36.836
-7.230
-14.581
6.084
25.920
-15.624
-12.057
-2.010
6.857
-25.416
-11.843
4.741
-23.687
-31.350
-25.930
20.615
-0.995
-53.816
-21.658
-14.711
16.134
9.142
-37.361
1.561
-29.050
-12.970
-0.595
-12.705
15.662
13.004
-23.206
-8.016
-8.402
-21.959
31.535
11.074
-30.070
-21.910
2.800
8.697
-13.942
-13.944
-17.962
-32.093
-12.861
-5.213
15.712
3.020
-49.878
-8.694
11.920
0.532
-4.007
-15.820
-23.336
-23.031
-22.004
19.605
-18.499
-11.675
19.955
-3.129
-25.990
-5.555
-13.202
-4.497
-10.918
-38.446
17.892
4.682
-19.483
2.673
-39.901
-38.686
5.190
11.876
-31.216
0.714
10.687
-39.651
-24.681
-8.667
-3.799
-32.447
-7.539
5.560
-3.886
-0.457
-40.763
-24.938
18.344
-32.162
-34.198
26.806
-7.920
-16.625
24.777
-16.545
-29.634
19.577
-6.325
-8.136
-30.735
-23.732
12.667
13.587
-14.051
-37.647
-23.247
7.858
-15.408
-15.847
-12.065
-11.589
10.109
-33.116
-11.567
-2.658
15.480
-35.454
-13.150
5.090
-12.114
1.029
-42.600
-16.769
19.359
-18.760
11.720
-15.396
-28.465
-4.757
19.524
24.464
-8.491
-3.294
-26.409
6.588
-15.730
-31.013
-5.402
-8.380
12.552
-24.272
-16.823
4.928
-12.261
-30.138
-20.189
-8.972
-5.314
-19.794
-27.777
1.218
1.940
-47.027
-10.443
-4.095
-11.663
2.487
-22.873
-14.968
4.893
-15.136
-29.652
-6.859
27.823
-1.473
-23.451
-3.939
10.475
-0.723
-21.639
26.016
-3.860
-18.586
6.029
-39.467
-0.693
-7.974
-6.780
-0.430
-4.742
-22.465
-12.575
17.966
-19.328
-29.905
11.799
-32.223
-5.826
16.623
-12.624
-35.076
-39.185
-5.045
-0.251
-26.448
-19.998
20.904
9.804
-19.165
-1.069
-14.494
-17.831
-9.325
-11.008
-2.360
-1.744
-2.653
-19.628
-28.622
1.045
-14.158
-26.597
-14.474
8.577
-4.119
-19.620
-19.465
-7.901
21.600
-14.222
-27.556
16.259
-16.452
-2.445
7.601
-8.439
13.466
0.635
12.014
-36.960
-28.572
30.648
-2.782
-31.973
-15.783
-2.775
-31.318
-0.088
2.724
12.446
-15.647
-18.344
11.470
-22.147
3.562
14.986
-52.458
-15.656
-10.824
-32.984
-8.895
-43.272
0.094
-0.096
-18.635
-7.571
-37.262
-16.263
3.676
0.857
-21.485
-22.831
2.515
-10.217
-49.880
-8.369
18.888
-32.536
-17.888
-28.706
17.742
2.049
-17.397
-2.699
-27.726
28.240
-11.217
-30.494
30.727
-27.668
-25.821
-37.330
-20.454
23.448
-10.663
-9.233
-4.170
-6.054
7.710
-6.327
-41.679
-27.623
37.229
-15.158
-13.245
-8.803
8.216
16.980
-10.660
-2.799
-15.793
-0.909
14.384
-26.604
-29.092
2.986
-10.123
-7.686
-24.582
-24.742
-14.398
11.479
-26.938
-20.816
-3.716
-40.133
-2.629
2.811
7.254
0.228
-31.200
-13.693
34.992
15.210
-23.700
0.983
-23.986
-39.625
7.268
-13.828
-11.960
-29.338
-34.002
-17.627
-13.444
10.212
-2.400
-30.716
-14.481
-36.918
-23.778
33.575
-16.651
-45.155
11.675
-8.268
-36.497
13.213
7.629
-17.055
-25.976
6.264
0.584
-42.793
3.019
9.542
-56.137
-31.588
21.142
-8.926
-3.764
4.052
-22.631
-19.008
-38.074
-21.905
9.369
-30.337
-27.774
-8.871
-28.140
-22.222
-7.121
-32.910
-8.641
3.001
-25.249
-24.588
7.105
1.207
-16.102
-10.272
23.172
-12.943
-29.558
12.722
-44.420
-6.668
17.787
-10.899
-27.916
-12.416
-2.613
2.763
-32.825
-9.077
19.465
-24.730
-34.467
20.215
13.929
-4.864
-25.903
-43.057
-8.904
-14.388
6.258
-24.649
-22.616
7.240
-27.777
-4.194
27.474
-28.890
-46.967
-26.752
1.346
-0.824
-35.489
-16.350
-0.768
-10.129
-11.475
-3.761
0.355
-10.551
-22.021
-22.709
-20.748
-12.804
8.434
8.859
-24.810
5.676
-14.015
2.916
12.623
-26.257
-36.403
4.190
-7.805
0.110
1.433
-48.035
-0.395
0.621
-0.712
-2.460
-4.068
-20.995
-31.806
-30.824
-12.927
-4.541
-6.381
-17.715
13.005
10.779
-25.574
-5.874
8.495
17.762
-0.691
-26.478
-4.747
-7.705
-23.880
10.693
-12.000
-34.640
-4.118
-1.707
-1.234
-9.538
-18.659
-18.205
-25.552
-9.724
3.195
-5.575
-42.298
-16.198
-28.078
-12.567
14.637
-40.081
-15.072
11.636
-21.464
-31.035
-10.048
0.590
1.866
-2.940
-29.224
-36.150
-17.905
-8.491
-11.271
-4.518
-11.739
-26.466
-25.694
-5.441
-12.484
15.201
10.337
-15.697
-2.000
-5.439
4.575
-10.122
-33.435
-18.613
-0.548
-24.272
-9.075
-10.156
-15.061
-18.167
7.071
-2.597
-40.796
-3.695
28.620
-11.547
-5.120
15.174
-25.169
-10.740
19.396
-7.848
-57.746
0.071
22.541
-26.110
-30.459
-21.065
9.611
-2.885
-15.612
-18.703
-13.245
-20.934
-43.373
10.946
37.801
-25.901
-41.819
-1.552
-13.911
-13.345
-17.151
-41.171
-17.022
28.523
-0.967
-37.074
-12.622
-1.657
19.832
-22.741
-29.429
15.772
12.472
-16.485
-27.820
0.023
16.168
-27.061
-30.373
19.223
-11.417
-31.709
14.324
-19.446
-14.451
7.728
-28.875
-23.066
-10.389
-33.962
-18.030
12.130
25.921
-27.774
-17.096
4.694
-4.805
4.002
-31.056
-24.271
-8.598
15.219
-12.549
0.335
-1.475
-29.408
11.879
-16.065
-26.249
10.984
-24.917
-0.458
1.519
-40.958
-20.479
15.605
6.560
-29.194
-3.844
-11.612
-3.439
2.253
-28.282
2.567
3.919
-47.226
0.810
4.544
-9.826
-20.058
-52.824
32.220
-7.598
-35.994
-10.310
-14.615
-1.391
-45.155
-4.714
21.089
-32.467
-16.457
21.214
-5.483
-28.467
-4.042
-43.301
-23.021
4.805
-33.342
-13.671
-10.208
-42.646
-4.000
-3.994
-51.925
-9.845
3.452
-4.516
-16.180
6.111
15.336
-32.578
-26.222
1.218
-25.226
-26.639
4.530
-3.333
-33.461
-7.978
-10.981
-26.554
-18.811
-4.589
-20.933
-21.390
4.556
15.633
5.046
-44.759
-10.584
22.314
-41.978
-31.245
-6.772
-22.104
-23.806
-22.527
-14.479
-21.282
10.780
-2.794
-29.729
4.415
3.947
3.691
-23.558
3.342
0.520
-48.314
-4.965
-5.081
-3.235
22.853
-25.321
-29.915
15.118
-35.819
-2.121
30.945
-25.678
-16.276
-22.198
1.738
22.549
-25.260
-2.673
-16.271
-4.296
-9.127
-42.951
-4.983
-8.070
14.284
-35.303
6.561
13.595
-40.139
0.344
28.513
-4.604
-44.944
15.175
-18.138
8.603
-2.879
-32.741
-33.964
-6.795
0.834
-40.199
-12.255
10.465
-16.408
-24.661
-11.115
-35.291
-23.734
-5.528
23.458
-34.410
-54.527
0.214
-13.178
-25.161
22.836
-4.358
-11.393
-27.608
-33.166
5.406
-11.904
0.517
3.449
-29.278
-21.091
28.899
1.313
-19.292
-10.631
-41.647
-6.470
-4.702
-5.716
-24.870
-3.313
-17.571
-13.746
1.048
12.051
-6.007
-35.604
-13.461
8.950
-9.874
-13.323
-9.902
-15.794
2.952
2.874
-10.094
-39.036
-9.876
7.608
-23.288
-6.414
15.222
-17.394
-18.728
-23.560
-31.595
-10.387
-5.751
-7.352
-31.232
-19.802
-8.299
21.064
-36.057
-20.699
0.119
-33.557
29.109
9.842
-31.589
-15.386
-5.650
-10.701
2.610
-25.239
-0.003
27.500
-51.566
-24.685
-1.373
1.780
-41.642
-34.772
6.251
-1.388
-5.303
23.076
-9.145
-25.550
18.004
-10.715
-9.097
5.220
-4.975
12.826
-34.971
-27.741
-1.570
-3.971
-17.395
-28.440
-24.538
-19.326
15.332
-29.674
2.346
1.218
-40.475
4.041
3.922
-8.933
-11.442
-21.656
-7.270
-8.093
-30.242
-4.362
-25.026
6.665
-8.079
-16.278
17.538
-27.778
-20.942
-7.543
-4.478
9.511
-12.512
-28.285
-2.835
13.473
-27.650
-23.567
11.915
-28.312
-19.647
6.715
4.220
7.976
-3.439
-30.146
4.295
-11.884
-15.410
-13.428
-32.847
-1.371
-7.959
7.378
1.050
-40.125
-9.553
-16.695
13.022
22.213
-37.763
-7.699
5.191
-20.197
4.002
4.574
-28.902
-4.147
9.175
-17.923
-16.116
-0.762
-9.856
-4.066
-2.442
-30.630
-48.795
-4.871
6.227
-18.194
-3.015
-15.229
-40.124
-13.891
0.832
-26.678
6.285
14.473
-19.260
9.226
2.654
-25.233
6.922
18.958
-31.823
-27.404
23.427
12.647
-17.909
-11.923
23.258
-3.793
-34.653
-2.369
5.259
-19.515
-27.849
-6.545
-6.161
-30.893
11.142
-3.650
-24.874
-35.192
0.177
5.606
-39.892
-1.942
-0.710
-3.302
-9.052
-14.600
15.829
1.405
-17.259
-9.338
3.258
-27.298
-10.879
39.478
-33.253
-29.311
26.068
-22.854
-16.615
-5.488
-17.403
9.485
-7.527
-43.868
-9.647
2.131
5.130
-22.910
15.062
39.989
-41.785
-34.190
32.987
-18.022
-33.867
34.118
-17.688
-52.022
-19.118
0.230
-6.399
-6.899
13.236
-5.901
7.507
6.068
6.401
-36.485
-14.555
-13.227
-27.670
4.669
9.448
21.985
-6.980
-25.237
-12.345
1.562
5.165
-13.929
-16.592
-21.200
-2.549
-18.962
-15.357
11.481
-1.346
-16.794
-15.711
24.371
9.333
-20.192
-21.668
-0.195
-3.791
-17.977
-16.215
8.266
4.679
-28.058
-34.026
-1.896
12.373
-10.360
-22.808
-7.679
-23.886
-16.376
-42.258
-10.259
-0.498
-10.470
-19.316
-17.595
10.697
-7.475
-13.456
-18.722
6.570
-20.326
4.078
18.237
-25.785
-8.389
-14.832
10.188
-28.674
-23.728
3.658
-19.618
-8.083
-17.318
23.025
-5.789
-10.563
-15.767
0.231
16.142
-1.048
19.193
-31.165
-16.696
16.082
9.126
26.124
-30.424
-8.845
8.745
-39.454
-7.609
-10.252
0.734
2.993
-18.345
-26.172
-14.823
28.314
-15.031
-20.462
2.893
-14.252
2.884
-10.383
-12.612
-17.682
-9.041
10.549
-32.611
-30.622
-7.959
-35.745
24.838
-1.675
-49.944
22.364
1.485
-35.209
-13.112
1.488
5.211
-8.787
-7.482
-3.177
-14.945
-19.759
-17.980
2.151
-14.130
-8.920
-4.002
-19.822
8.049
-33.026
-19.659
-6.757
-10.124
-30.859
15.970
22.144
-64.999
6.448
0.574
-31.721
-26.240
-46.727
17.342
-5.544
-45.116
-1.415
-3.054
-7.407
-24.155
-21.438
-16.833
0.124
-10.038
-18.297
-3.598
4.723
0.796
-7.087
0.288
-14.029
-44.583
-9.768
17.827
-22.801
-34.711
17.892
-2.648
-42.642
-16.143
11.677
-10.547
2.799
5.433
-9.505
-19.080
-34.361
5.935
35.603
8.366
-8.219
-6.432
-23.148
10.896
-16.909
-26.859
1.640
-42.433
17.062
16.339
-20.214
-14.445
-27.844
-20.737
-1.414
20.657
-6.340
-34.480
-30.069
11.542
11.432
-30.130
-10.381
-6.632
-14.437
-31.267
2.141
-11.810
-0.309
-0.090
7.313
12.036
1.372
-26.544
-41.574
8.002
29.325
-16.031
-47.148
3.064
24.617
-25.982
-14.312
-18.663
1.636
3.143
-14.006
-9.352
4.353
17.647
-38.990
-32.685
24.202
-29.518
-49.274
10.422
15.098
-26.555
-1.058
-2.068
-22.888
5.255
-11.363
-12.045
-9.992
-22.771
-7.336
-4.084
-33.228
-47.081
-17.971
2.985
-13.980
-11.140
-38.773
-7.417
22.975
-38.587
-43.459
11.806
1.011
0.105
-29.626
-10.589
16.099
-23.255
-2.284
-14.305
-5.687
3.403
-25.396
-6.345
23.505
-10.254
-15.699
25.350
-1.391
-26.469
-15.348
0.653
-13.395
3.118
-17.225
-29.438
17.662
4.400
1.601
-21.682
-30.369
-12.117
0.359
5.240
-4.935
-15.079
-5.716
-9.710
-25.074
-5.750
-5.416
-29.287
-4.423
-4.115
-14.727
19.649
-5.703
-43.102
-9.030
-18.243
-23.706
-45.639
-10.232
-26.610
-15.153
-29.020
-7.483
-7.544
-43.380
26.722
-0.285
-26.669
-21.239
-4.989
10.086
-21.966
-31.478
19.207
-24.887
-34.956
-25.703
-20.516
13.353
13.115
-0.487
-21.400
1.277
-5.509
-0.733
-9.551
-9.843
-4.172
7.009
-20.046
-19.862
-16.128
-15.876
-31.898
-36.739
-2.850
-14.417
8.679
6.783
-35.642
-15.698
-7.824
-16.938
-11.331
13.360
19.713
-26.979
-25.924
4.714
-28.951
-11.518
-17.147
-10.354
9.296
-35.062
-21.165
-9.267
4.185
10.838
-22.122
-38.834
-23.047
-0.024
0.495
-13.447
-46.741
-16.328
20.753
-9.781
-59.172
0.617
8.988
-48.603
-24.409
15.843
-13.779
-16.045
5.228
-11.082
-25.003
-18.575
-1.937
-14.135
-2.579
-21.762
-0.770
-33.043
-35.229
-13.020
-25.151
9.045
12.948
-16.888
-31.061
-24.032
-5.777
11.762
-29.921
-8.159
17.595
-18.463
-35.193
1.032
-8.878
-14.736
-7.520
25.623
-3.958
-5.481
5.997
-14.856
3.289
-11.150
-13.886
3.967
-12.910
-8.004
18.284
-21.682
-46.927
8.304
4.551
-23.343
-19.240
-19.667
-7.575
11.917
-27.781
-24.853
-5.302
-9.896
-0.850
-7.909
-21.121
-27.160
11.092
5.092
-18.221
1.251
-17.808
-6.604
-9.677
-16.669
-8.986
-27.537
-18.947
3.222
-4.351
-10.665
-8.127
10.251
-7.928
-8.927
-8.629
-26.894
-29.145
-23.088
22.353
9.105
-35.181
-2.138
-9.997
-22.297
-9.100
2.361
-7.702
-34.155
-8.824
-18.534
-20.994
-10.284
-8.814
9.121
-25.582
6.374
-30.270
-23.650
44.566
-9.113
-12.989
10.527
-13.037
-16.715
11.649
-14.304
-17.326
12.200
-4.828
-13.993
0.961
-1.762
5.782
-7.650
-35.747
-19.421
31.947
-10.488
-24.151
-11.420
-25.807
-2.873
-5.291
-36.084
-5.614
-2.481
-24.757
6.568
-0.261
-1.899
-11.096
-11.208
-15.473
-6.361
6.147
-36.427
-32.279
-13.077
6.712
10.295
-30.420
-29.219
-2.971
3.277
-32.840
-20.998
-13.061
-19.152
17.336
-8.325
-47.688
-34.332
15.578
2.638
-4.919
-13.278
-25.582
4.695
9.352
-32.014
-26.087
17.188
-13.861
-21.708
-14.900
0.209
18.293
6.145
3.174
-40.659
10.348
12.640
-5.574
-26.425
-24.415
-14.198
-9.818
20.804
0.323
-19.120
-29.939
24.946
-14.589
-15.327
-14.500
-11.301
8.352
-17.548
-10.142
-26.169
-41.126
-24.388
26.183
6.789
-28.397
-26.496
16.957
5.364
-14.589
-5.175
-1.067
-11.756
-7.497
18.438
-27.411
-32.464
27.411
-2.664
-25.126
27.029
-8.139
-53.123
1.176
12.877
-25.359
-48.694
-9.496
2.926
-41.733
13.446
-22.165
-36.622
-5.619
-28.992
-9.303
10.090
-4.295
-45.269
4.429
-2.946
-35.583
1.017
5.011
-26.837
0.511
-13.894
-31.691
-0.481
-25.053
-29.656
23.949
-17.574
-12.638
9.100
-13.129
13.824
-3.751
-11.580
6.647
-6.527
-51.394
-6.274
10.398
-32.143
-15.871
-20.081
8.490
0.098
-14.371
-1.745
-2.975
-19.489
-9.503
-6.160
-22.286
-17.244
-9.245
-8.705
-35.833
-17.339
-16.584
-5.297
29.838
-30.244
-33.389
-21.655
-14.493
16.041
-1.534
-11.576
0.303
12.104
5.316
1.679
-5.461
8.496
-13.247
-24.561
19.860
-20.250
-32.174
-19.764
1.728
-19.385
11.771
23.328
-34.766
-0.188
-20.149
-4.432
32.309
-44.124
-47.869
11.044
18.760
-7.165
1.058
-6.784
-13.726
19.655
10.898
-27.122
-16.095
-20.475
-0.792
-18.278
-19.903
-17.303
18.790
-2.238
-40.002
-13.088
-2.620
-14.363
-28.179
25.665
18.473
-13.120
-2.235
-7.870
-20.077
-13.857
-17.849
-9.312
-3.106
10.038
-23.121
-11.904
8.783
-14.468
-22.920
-10.009
-20.116
-15.772
28.508
-1.979
-24.209
-22.397
-15.287
-0.742
17.261
-6.041
-23.315
16.531
-5.400
-38.431
-23.841
20.757
11.050
-28.329
0.018
18.305
11.874
-16.439
-13.154
16.084
-37.650
-36.728
40.480
22.677
-50.181
-1.557
-10.033
-9.482
24.940
-31.214
-14.294
-2.458
-11.575
-14.035
-15.310
-5.045
23.129
-44.487
-28.015
12.777
-9.774
-10.105
-13.580
-29.829
12.533
5.977
-47.107
11.435
15.994
-44.098
-8.740
-2.522
-21.545
-7.410
-20.565
-10.444
-9.065
-19.047
-1.270
-7.853
-13.345
7.191
-18.182
-33.812
3.783
15.887
-21.553
-9.375
18.794
-31.761
5.686
-14.152
-34.642
32.987
-14.451
-29.290
-9.650
-11.212
13.840
-9.194
-33.365
5.420
20.195
-46.018
-18.263
40.136
-48.594
-36.984
3.896
-16.136
-23.319
-0.333
-15.875
-10.499
-11.345
-55.412
3.517
28.435
-2.231
-25.241
2.388
19.585
-10.159
-10.470
15.864
-19.216
3.315
8.997
-22.734
-23.716
11.850
20.401
-38.454
5.099
8.299
-22.200
9.044
8.982
18.473
30.301
-23.546
-44.749
4.908
31.252
-27.427
-11.092
25.222
0.779
-14.012
-29.278
-25.433
4.482
-26.318
-2.423
-1.326
-28.991
-29.906
31.193
1.576
-62.900
1.047
30.888
0.223
-25.829
-5.289
-4.815
14.602
-8.605
-16.890
3.099
9.104
-3.860
8.214
2.706
-21.927
-1.592
-23.908
-6.123
20.075
-15.335
-30.806
25.504
10.000
-45.611
-24.731
3.783
-5.421
-6.788
6.734
-1.842
-1.897
-19.355
9.139
-11.792
-44.234
-24.641
20.710
-2.890
-32.174
10.304
-5.834
2.479
8.953
-11.502
0.155
-4.219
-20.785
-10.754
-8.987
-6.111
-22.050
-24.883
-12.855
-7.922
-26.285
-7.074
-28.790
-8.828
6.154
18.416
9.492
-24.982
-1.373
5.078
-4.464
-17.673
-0.913
-8.326
-51.805
-24.136
13.391
15.414
-17.955
-21.170
1.078
-3.311
-13.347
12.359
10.365
7.777
-8.436
-27.031
-0.278
-29.680
16.789
4.886
-38.327
-25.995
-3.104
-3.827
-23.165
-8.423
-4.240
16.884
0.701
-9.656
14.097
12.839
-38.253
-29.927
19.227
-43.981
-12.481
6.694
-17.081
3.619
-6.372
-7.720
-23.420
-21.725
-29.668
16.518
15.485
-54.232
15.980
30.470
-31.771
-20.231
3.623
4.809
5.992
-6.136
3.252
-27.591
2.657
16.121
-38.004
-25.347
3.237
-34.252
-33.456
-7.621
-33.052
3.712
39.446
-26.633
-24.127
-10.896
-8.540
-5.643
-7.364
9.219
-18.184
-30.132
3.718
9.805
0.139
-39.209
-3.368
0.267
-43.879
-3.805
31.452
-7.279
-27.043
-20.312
10.392
3.794
-42.010
-21.246
-9.423
28.331
1.355
-36.003
-10.386
17.716
-28.730
-27.474
16.605
6.327
-23.790
-22.531
-28.732
6.552
-4.326
-34.917
7.356
-22.898
-16.018
-1.760
-18.585
-18.080
-1.533
-6.482
-15.775
0.619
6.014
-37.219
-22.973
-6.147
-43.878
9.622
-31.202
-41.732
2.203
-17.950
1.392
-23.441
-41.532
-20.922
19.479
16.710
-33.953
-3.838
-17.055
-31.591
-1.158
28.496
-20.846
-28.124
9.386
14.817
-3.078
-27.777
-5.259
7.063
-32.909
-44.698
14.279
-21.889
-16.495
-0.919
-21.529
-35.238
10.142
-20.348
-31.322
3.968
9.340
25.768
-0.491
-20.157
-12.434
10.257
14.890
-26.522
-24.847
-2.068
6.541
-27.155
20.157
11.837
-32.186
-6.689
19.642
9.162
-23.273
-0.095
8.591
-2.612
-14.802
-38.059
-20.936
15.558
2.172
-30.701
-8.733
-0.874
-5.037
-17.281
9.285
14.890
7.200
-16.325
-23.708
-2.493
0.219
21.566
-17.545
-33.577
-12.253
-8.757
-17.332
-17.701
-8.814
-37.540
-9.302
-8.554
-33.812
-19.413
1.961
3.482
-54.625
-26.336
1.784
-6.046
-3.635
-24.168
-2.289
-33.248
16.146
-2.453
-11.283
14.349
-29.052
-30.459
-12.456
23.613
-43.989
-45.526
20.213
-0.369
-22.797
-7.792
-12.691
-0.697
9.344
-8.686
-37.873
-27.596
-2.774
0.034
-12.043
-16.976
-29.431
-19.305
-8.030
-12.024
12.296
-28.146
-0.881
17.792
-47.552
23.675
14.419
-34.390
-24.208
9.542
12.523
-4.801
-33.364
-8.290
35.646
-23.637
-25.037
-0.313
7.421
-6.711
0.505
-12.095
-6.524
11.886
-20.846
0.797
-25.489
-45.249
3.619
-10.728
-25.696
23.200
-30.873
-50.315
-0.431
15.660
2.612
-13.720
-6.221
-20.990
-12.799
28.672
0.189
-26.526
-17.682
-8.886
-5.325
0.962
3.965
3.197
-6.688
-48.744
-14.742
19.131
-9.701
-0.800
11.093
8.999
-27.701
-42.442
16.976
14.242
-50.926
-11.601
35.683
-22.419
-22.334
-9.775
-3.294
-7.048
18.644
0.030
-21.651
-14.854
-12.541
-14.424
-17.527
-4.367
2.035
-11.171
-7.690
-13.247
-2.571
-5.320
-18.283
8.898
5.854
-42.916
6.785
37.082
-62.576
-33.037
-0.938
-21.653
2.276
-37.780
-42.176
20.615
-3.231
-45.788
4.890
11.928
-17.700
-42.856
5.916
0.207
-9.588
3.532
-13.234
-31.449
23.577
12.672
-32.960
15.240
-19.661
-28.330
-13.446
-3.622
12.181
-34.360
-2.399
-14.439
-14.022
10.312
-34.193
-13.993
-18.810
-8.873
-32.778
-27.543
-20.201
-26.872
12.931
-9.456
-22.554
-29.411
5.045
1.502
-28.042
-20.439
-33.599
0.074
8.513
-27.736
-37.055
16.036
22.732
-47.642
-1.194
3.783
-5.887
-15.545
-29.750
-21.068
-17.945
8.401
-26.355
-39.606
13.304
-1.639
-40.569
-29.828
-17.864
21.170
3.844
-55.069
-11.855
18.033
-2.714
-49.371
14.173
14.254
-53.833
-43.769
13.023
-24.821
-30.310
-2.813
-29.439
-2.855
-15.025
-12.173
17.760
-24.719
-42.594
4.824
0.250
-32.632
-11.672
4.617
6.742
-6.666
-32.046
-11.604
-5.998
-32.259
11.057
6.436
-37.786
-18.045
-13.047
-10.345
-16.178
-25.229
6.258
6.231
23.936
-30.155
-18.249
8.621
-28.353
-12.682
-43.651
-13.727
8.907
-30.199
20.010
-1.205
-31.431
-2.814
-4.687
-0.221
-6.013
-4.464
-24.127
-41.480
-17.793
15.620
7.416
-8.671
-0.103
-31.041
-28.099
8.580
-22.921
-17.270
-11.121
21.244
-18.515
1.627
-10.187
-11.851
5.517
-10.252
21.707
-35.559
-6.944
16.426
-5.527
-1.524
3.503
-4.415
0.827
-6.032
-5.383
-19.466
-4.833
-31.737
-18.491
13.665
-38.316
-10.068
-22.909
-22.606
-17.608
-27.075
-17.526
16.287
4.607
-50.005
-18.056
33.377
1.626
-13.047
6.628
2.526
-25.268
-9.829
-11.767
14.105
-3.323
-44.222
13.522
16.617
-14.711
-24.824
3.568
-15.581
-58.823
-22.144
-9.381
-28.782
-15.217
3.354
-0.328
-21.216
11.827
15.467
-23.801
11.604
20.093
-27.922
-30.885
15.835
8.095
-10.540
-21.855
-21.117
-1.416
-18.014
-38.639
10.271
0.277
-37.947
-12.178
9.505
-8.056
-34.998
18.330
18.604
-28.169
-20.573
0.593
25.565
-15.111
-43.503
-4.146
4.803
4.291
-25.131
-14.283
13.668
-37.918
-3.760
-2.722
-22.315
5.168
-22.143
-19.633
7.977
-11.435
-21.620
11.434
-6.208
-3.196
2.952
-14.149
-13.109
-10.410
-3.187
-12.654
3.319
-39.125
13.991
-7.228
-22.581
-5.855
-28.499
-24.483
-4.217
4.664
6.524
-39.431
-21.194
31.689
-31.093
-27.555
12.317
9.020
-32.968
-42.348
-5.484
-20.813
-9.911
16.332
-16.304
-54.100
3.202
0.247
-23.664
-7.522
-1.852
-7.155
-40.712
10.693
15.429
-31.956
31.033
-2.639
-32.427
1.012
-9.732
1.485
17.122
-13.857
-38.221
-27.828
-4.416
24.362
-20.159
-44.898
-18.322
-4.285
-0.624
-8.151
-12.134
14.391
-3.005
-25.267
-13.309
6.531
6.758
-42.608
-16.945
-2.716
-31.581
3.806
0.721
-25.882
4.429
-5.795
-36.078
-4.418
17.777
22.353
-12.714
-5.315
8.511
-3.628
7.150
-19.811
4.611
-24.128
-31.556
-15.181
-12.791
-3.560
-7.207
-23.364
11.071
7.907
-9.738
-1.635
17.760
-26.024
-24.407
-14.398
0.531
16.622
-33.576
-30.274
14.237
-26.559
-16.069
15.590
10.392
-2.518
-6.381
-8.133
-0.150
16.805
-19.971
-40.441
-2.250
-0.825
-17.165
-0.949
-22.836
10.638
-12.779
-50.068
-6.324
28.916
-23.197
-17.747
-7.008
-23.870
-40.049
-16.633
35.278
-1.197
-57.221
-3.839
17.088
-18.781
-8.982
-13.259
-11.968
12.355
-29.644
-16.601
-3.802
-35.624
-8.070
4.243
-17.869
2.643
10.341
-40.909
-13.124
-16.332
-39.465
7.190
-1.787
-14.205
-27.013
-0.319
9.346
-22.928
-21.081
-32.024
-13.772
0.412
-6.374
-1.882
17.064
-11.173
-39.932
-12.363
-8.547
-8.824
-8.298
-18.394
-6.793
25.813
19.016
-28.886
-35.675
-17.517
0.561
-3.124
-34.581
-25.984
-5.433
-11.318
-11.214
17.178
-20.441
-0.003
-5.158
-50.524
-27.631
5.621
9.559
-47.617
-7.483
10.861
-49.828
-16.935
22.167
-6.651
-49.537
6.446
2.996
-25.250
-9.601
-20.182
-31.903
9.980
23.221
-41.801
9.645
15.083
-25.826
-15.536
14.712
-12.252
-44.742
9.699
13.561
3.520
-26.698
-1.407
-24.273
14.074
14.514
-46.792
-7.545
-35.713
-3.875
31.512
-47.270
-20.447
-7.301
9.570
28.161
-27.925
-0.331
7.292
-29.610
2.496
-11.857
-12.221
-8.980
-16.488
-11.722
-23.617
-34.343
16.612
20.202
-23.596
-6.589
-19.759
-6.394
14.433
-31.158
23.185
10.671
-32.378
15.615
-11.816
-26.022
11.687
-12.172
-21.554
-0.109
-18.418
-26.917
21.953
-3.976
-16.659
-12.915
-24.576
17.522
-22.857
-1.277
9.646
-17.372
-19.876
-37.427
-22.027
4.179
-23.998
-6.412
24.704
-24.714
-14.689
14.224
-18.542
-45.649
-12.257
-17.621
-28.976
-11.876
6.158
-25.217
-18.522
-4.606
-38.434
-6.528
10.221
-7.214
-21.016
-32.726
-7.099
-6.385
2.813
-44.374
4.631
0.015
-38.550
16.532
10.896
-50.596
-15.440
-7.685
-34.123
-17.892
-11.112
-24.782
-29.436
-3.437
-8.068
-19.502
-6.805
1.439
-32.321
-2.687
17.381
-10.561
8.546
-15.960
-28.053
-16.356
-33.270
-34.389
16.079
0.570
-34.105
-19.047
-24.761
-22.522
15.028
-10.504
8.373
-6.360
-24.773
-7.695
-12.990
7.472
-20.465
-47.387
5.689
-12.546
-41.051
17.677
-13.190
2.165
-20.345
-1.005
1.541
-41.468
14.376
-2.309
-14.083
16.589
-27.030
-31.801
19.803
-16.116
-8.114
-16.531
-22.669
-5.207
-30.464
-13.408
-19.164
-17.745
-7.920
-6.240
-25.240
-31.586
-2.729
-1.033
-8.253
14.203
-1.309
-6.747
5.339
-23.524
-20.122
-12.366
-13.843
-40.608
13.144
22.437
-70.894
-9.788
-13.895
-26.689
-3.755
-38.260
-11.977
11.428
-19.141
-7.266
-12.281
-38.355
8.934
18.709
-20.838
10.506
-12.598
-20.530
-4.373
-29.472
-5.579
-8.883
-9.472
-20.658
-34.486
-2.831
-14.657
-27.084
16.394
-1.662
-43.978
-7.240
-13.455
-16.430
-37.342
-9.127
-2.714
-17.670
-18.727
-26.313
5.087
-21.761
-17.627
16.522
-42.978
-22.353
-5.813
-17.532
-5.314
0.536
13.685
-24.216
12.834
15.635
-21.114
-3.439
16.689
-29.414
4.696
21.316
-57.602
-25.821
-6.149
-4.218
-24.237
7.749
-17.086
-40.453
-4.726
7.172
-11.792
-7.318
-9.950
-23.270
-3.318
-13.829
-16.606
13.415
6.003
-18.312
-21.457
-10.491
-24.078
-5.588
3.883
-0.302
-26.857
-18.763
3.772
-19.758
16.582
-13.058
-38.810
19.364
-14.115
-30.966
5.474
-20.174
-5.485
7.294
-5.556
-9.811
9.201
-8.037
-35.612
-21.472
-7.077
-5.494
-37.477
-16.308
15.456
1.741
4.514
-0.290
-23.801
2.478
-9.628
-14.853
19.219
-18.839
-45.767
2.028
10.096
-12.292
-20.253
6.641
7.746
6.129
-4.737
-16.411
19.801
9.940
-31.775
-7.662
-0.491
-3.322
-2.287
9.651
-21.451
-51.363
-12.841
-0.195
-36.440
-10.629
31.772
-30.432
-13.070
-33.806
-34.890
14.971
11.284
-8.093
-17.557
-15.907
3.705
-4.190
-26.796
17.752
5.338
-31.723
-4.111
-27.498
6.879
-24.505
-54.846
14.755
9.939
-24.070
-6.180
5.308
-43.223
-6.593
-16.825
-15.917
-14.344
-4.572
16.894
-17.571
-5.702
0.560
-33.605
0.710
-7.395
-22.753
-37.864
-5.805
-4.711
-14.223
-0.970
-38.030
-6.563
-24.894
-19.016
-35.549
-48.732
21.600
-9.803
-52.515
5.993
-5.395
-20.410
-31.306
-11.044
-5.265
-33.689
-2.498
28.679
6.331
-31.188
-18.231
13.856
-22.954
-34.727
0.679
-25.379
-28.742
14.033
-21.304
-17.064
-6.364
-7.891
-28.288
10.153
-7.952
-30.953
-23.828
-7.425
4.992
-12.220
-23.536
-1.199
25.200
-13.876
-28.601
30.835
2.480
-24.266
-35.933
-3.791
12.218
-41.086
-11.897
-5.029
7.688
0.496
-6.797
-22.723
-24.333
-15.272
-10.610
6.103
-8.564
-44.607
4.532
-11.297
-42.791
14.969
15.012
-37.777
-27.422
-10.566
-22.570
-0.128
-2.962
2.521
11.482
-41.011
-33.042
8.046
-13.502
-16.780
-20.986
-14.319
-24.275
15.919
-12.305
-51.139
-13.719
28.267
-27.662
-39.036
-5.589
-22.414
21.458
-4.153
-16.823
-17.500
3.144
-7.994
-19.265
-9.647
-16.074
26.506
24.534
-33.188
-6.745
-0.555
-2.036
-29.564
-2.596
-6.939
-32.993
-14.761
4.704
-14.840
-16.723
-18.965
-10.975
9.474
-22.523
-22.956
-2.733
-32.498
-14.189
6.930
-19.823
-5.700
5.514
3.034
-17.182
-19.064
-28.271
6.508
4.846
2.054
1.112
-9.441
-7.752
-23.674
-19.617
-26.996
-7.357
-2.840
2.832
-24.088
-45.223
-27.496
-24.778
1.275
-22.189
-37.472
-10.966
-23.277
-6.933
3.231
-31.416
-33.400
-23.143
3.142
-7.655
-32.040
-12.714
-21.451
-5.364
-3.501
-14.187
-10.083
-23.005
-28.651
-6.365
-22.871
-21.900
-8.387
-21.355
-6.633
-4.812
-14.301
15.140
3.922
-16.218
-1.199
-4.598
0.340
-13.352
-12.484
-16.674
-1.646
23.157
-4.128
-37.352
-22.330
-4.584
12.937
-10.920
-28.575
-27.210
6.077
9.246
-4.459
-0.514
-43.976
-5.966
3.806
-22.232
-16.475
-2.847
-35.128
-26.669
24.592
-1.464
-15.051
-0.832
-23.969
-7.676
1.826
10.859
-21.931
-27.521
38.949
-38.835
-39.902
1.099
13.683
11.686
-9.802
7.461
-2.283
-37.228
9.093
-10.662
-40.557
-22.337
-16.535
18.037
21.025
-31.363
-34.715
11.040
-11.967
-9.453
2.936
-31.351
-11.681
-22.890
-29.684
5.379
-16.045
-11.300
-17.105
-0.703
-4.170
-11.209
13.174
-7.973
-5.220
3.804
-13.813
-8.018
-18.650
-30.261
19.499
13.877
-7.325
-11.928
-25.378
-11.951
-8.946
-27.850
-19.678
9.836
17.434
-27.777
-30.023
24.461
8.552
-48.219
9.461
2.068
4.255
23.885
-35.347
-31.003
8.190
-17.290
-2.427
-20.426
-14.693
-0.836
-17.788
-10.923
12.671
-4.048
6.919
2.155
-8.858
1.603
-25.587
13.314
13.127
-27.947
-0.882
-7.680
-33.027
-34.498
18.932
4.026
-31.689
-5.031
15.501
-28.273
-0.354
23.051
-6.789
-38.686
-7.885
-2.773
-4.338
-7.900
-2.006
-30.510
-38.835
12.779
7.732
-42.761
-8.714
3.180
-0.247
-8.191
1.510
3.514
-22.928
-0.186
-24.380
15.186
0.798
-13.907
-3.992
7.751
-10.976
-42.148
-14.283
-5.926
-38.879
-2.041
-7.869
-19.350
-16.036
-11.886
-13.309
6.497
6.645
-20.076
-17.031
-17.789
-11.592
-15.111
0.218
-2.489
-13.141
-34.505
-22.879
-28.255
-9.767
6.190
4.779
-7.682
1.141
-24.199
1.414
1.200
-20.996
-2.674
-30.056
-37.860
17.042
-7.743
-22.111
-1.225
-12.751
-24.038
6.402
-16.735
-16.605
-1.669
-28.339
-15.892
2.132
13.162
0.084
-16.944
-30.613
6.820
-12.050
-36.285
-20.587
-3.399
-3.856
-38.649
-31.956
-4.247
11.056
-24.398
-5.587
9.251
-40.306
-3.929
-11.854
-0.086
-19.388
-54.703
13.693
-2.599
-10.828
2.923
-44.876
6.003
-18.952
-12.442
-7.674
-40.314
11.471
-12.507
-32.851
-0.894
8.119
-11.389
8.511
-8.974
-41.338
-13.725
14.149
-6.039
-7.753
-18.276
-0.987
-20.824
-19.882
-5.317
-11.168
21.005
-15.643
-14.411
-17.365
-26.797
-1.268
-4.176
23.120
3.608
-60.225
-0.919
39.629
-38.839
-17.249
32.219
-26.792
8.861
-3.141
-51.574
-29.516
-19.875
0.053
-1.322
-35.994
-24.317
-1.044
-26.186
-25.240
-5.225
-3.560
-19.655
-21.010
-1.475
18.787
-14.730
-43.846
8.596
1.779
-20.133
8.710
-12.326
-22.722
0.851
-28.361
-5.292
-15.680
-18.092
-19.456
-20.458
3.392
-20.968
-0.053
18.971
-26.528
-27.166
-17.315
6.671
27.385
-60.768
-3.114
14.716
-29.643
-13.402
-9.019
23.221
-19.556
-26.974
13.799
15.783
-15.944
-25.909
-19.428
-0.544
-32.144
6.986
-5.864
-17.283
7.272
-4.699
-26.627
-11.914
8.086
-12.111
-7.356
-28.915
3.906
-18.293
-6.579
17.696
-26.138
-13.654
-16.975
-48.474
-7.337
5.178
-7.138
-20.158
-43.999
4.564
-10.793
-34.038
-6.380
-25.484
-4.230
-0.892
-8.309
0.433
-2.099
7.101
-5.797
5.608
-0.319
-15.472
3.407
-30.432
-34.606
-33.737
8.514
-26.011
-48.732
4.301
1.582
-21.812
-31.123
-32.168
-0.311
-15.085
-22.905
-17.570
-18.417
13.209
13.998
-14.988
-37.804
8.907
-7.694
-20.208
-5.064
-10.097
-2.604
-0.455
10.946
5.857
1.347
-27.123
-19.702
-0.786
-8.658
-20.203
-38.756
21.018
2.040
-27.561
27.132
-11.961
-27.629
12.750
-3.659
-25.693
-23.241
-12.264
18.615
-31.287
-37.459
22.602
-10.221
-54.335
9.764
1.794
-32.945
-0.311
-7.791
-30.549
-5.495
19.447
11.712
-33.255
-25.555
36.469
-4.328
-19.826
-15.468
-44.015
16.427
-30.826
-41.438
20.091
-21.102
-4.530
14.273
-29.879
-3.476
-3.999
-17.891
4.313
0.729
-31.776
-6.540
-0.381
-40.102
-26.512
0.738
16.836
-24.529
-19.468
11.277
-40.441
0.719
22.921
-42.283
-21.497
10.744
-26.783
1.793
19.942
1.942
-40.337
-28.873
-23.223
-18.674
6.859
-19.532
6.624
-17.239
-18.410
-2.753
-31.449
-17.367
-3.128
-20.526
-16.828
0.652
-16.022
8.021
-25.156
-37.683
-13.131
-18.341
-42.837
16.588
-1.784
-44.796
-30.889
3.777
-15.056
-22.238
-12.977
-6.260
9.109
-18.173
-23.251
-1.023
-11.719
-12.697
5.368
-11.734
-42.120
4.836
34.431
-13.559
-16.257
-26.225
0.624
-9.072
15.925
-22.334
-20.238
23.888
-8.973
0.079
-17.448
-19.612
-10.088
12.723
-5.437
1.141
-30.770
-26.105
23.201
-4.769
-34.706
-20.334
15.989
2.721
-17.319
2.596
9.085
-7.536
-11.390
-4.323
-16.757
8.377
19.502
2.707
6.783
4.117
-9.431
-14.183
-34.145
2.093
13.789
-27.490
-12.998
-11.491
11.201
-15.371
-24.617
-22.960
-38.103
-40.424
-0.084
8.267
-18.321
-19.570
-18.151
1.416
-1.479
-13.083
-23.570
-18.418
-1.430
-6.433
-38.724
2.243
-2.322
-36.531
-2.303
-18.724
-10.171
10.266
-34.071
-5.314
-7.767
-36.267
1.831
14.915
-21.666
-13.774
-21.666
-2.695
-17.403
-28.085
-18.251
20.491
-8.926
-47.170
-4.060
-15.459
-8.405
-2.047
-19.376
-34.077
17.279
35.406
1.878
-26.710
1.465
6.509
-10.866
-28.034
-9.431
-10.555
-25.175
26.965
-24.891
-35.081
-5.271
8.656
-29.092
-35.269
31.134
-15.083
-42.558
32.600
-9.934
-43.484
24.310
10.920
-13.446
1.299
-17.283
-2.570
-7.239
-29.226
-8.292
-9.621
-20.981
-16.128
-9.169
-13.836
-30.221
-2.311
-29.526